"Q"	"FDis"	"D_q"	"MD_q"	"FD_q"
"CAFBS.18.1"	73.9174469422126	54.1694056342044	400.850438335428	29629.8410074217	11877134.755634
"CAFBS.18.2"	76.2467756994058	54.8109444811641	605.116771681301	46138.2027623327	27919000.3067201
"CAFBS.18.3"	76.4041499344018	55.1534746787677	482.432038205622	36859.8097802214	17782353.1601438
"CAFBS.59.1"	75.8541126666957	55.0923699072552	515.287181372225	39086.6519115128	20140850.6927607
"CAFBS.59.2"	76.5307680138755	56.0127486747545	372.16816525469	28482.3155172564	10600211.1082625
"CAFBS.59.3"	74.7256522463849	55.5554846722949	309.83136185165	23152.3506007503	7173324.31669732
"CAFRh.18.1"	81.2410210088023	56.8225562302477	527.598993242347	42862.6808942244	22614307.2874608
"CAFRh.18.2"	80.8457632745995	56.9923746313694	436.064791208957	35253.990882467	15373024.1734454
"CAFRh.18.3"	82.8048185761366	59.0691455164778	690.039510130998	57138.5964467635	39427889.1016974
"CAFRh.59.1"	86.7169228282578	60.3908629918407	633.348014743743	54921.9909179634	34784733.9136661
"CAFRh.59.2"	83.0963045711793	57.7161713888706	597.826731651971	49677.1921741448	29698353.4351159
"CAFRh.59.3"	87.5479964191187	60.9992824146407	473.30049060248	41436.5096564331	19611920.3492442
"CAGBS.18.1"	73.8689460367983	53.0559240914998	764.218599218515	56452.0224659901	43141685.5320111
"CAGBS.18.2"	73.4607370913405	52.5726369984112	696.037295042012	51131.412736849	35589370.2130331
"CAGBS.18.3"	73.8405202493364	51.6139775037619	607.306389577497	44843.8197571486	27233938.271578
"CAGBS.59.1"	75.5757279723854	52.4446242837408	563.748535973574	42605.7059995694	24018904.3813778
"CAGBS.59.2"	73.864708098786	51.6538352336947	686.962349560981	50742.2734251781	34858031.3742261
"CAGBS.59.3"	75.1010411588097	52.4217597225374	610.322491670761	45835.8545671131	27974652.9672591
"CAGRh.18.1"	77.2342275795957	52.8112430079807	778.897643884806	60157.5578890099	46856580.1016136
"CAGRh.18.2"	75.8415804760142	52.066675111456	605.6556454325	45933.8813738213	27820114.5706816
"CAGRh.18.3"	79.5750231700801	54.6283524412205	695.460975599855	55341.323247245	38487730.6565159
"CAGRh.59.1"	94.4986632297588	66.7202754909744	639.677690284995	60448.6866298317	38667676.2441322
"CAGRh.59.2"	77.2873234682279	52.9903618638742	730.893488775607	56488.8014878219	41287297.1961869
"CAGRh.59.3"	79.7116702977466	54.7235452061397	747.781363871588	59606.9015317313	44572930.1235575
"CAVBS.18.1"	74.7036450916901	54.3606132723271	504.066591328053	37655.6117411489	18980935.8547335
"CAVBS.18.2"	76.8969524157676	54.2996855417519	684.935510452385	52669.4533551265	36075178.9190417
"CAVBS.18.3"	72.3731458427603	53.1122072665921	498.529807454134	36080.1704618412	17987040.433254
"CAVBS.59.1"	73.8123603638629	53.1590450558194	602.694141306794	44486.277147326	26811618.6052437
"CAVBS.59.2"	75.353075829805	54.5155082678211	350.562301354788	26415.9476770583	9260435.41013721
"CAVBS.59.3"	75.8426335310975	54.9362976708642	510.473345713652	38715.6428863537	19763303.755652
"CAVRh.18.1"	85.4023470354054	62.0508850318431	446.966951864272	38172.0267364699	17061634.4368815
"CAVRh.18.2"	86.4684213767518	61.3525517957704	566.357338456875	48972.0249915047	27735665.7330322
"CAVRh.18.3"	108.69302557271	78.6100821354206	481.101141138972	52292.3386368785	25157903.7910278
"CAVRh.59.1"	82.0907732902091	58.06623344623	556.505453936414	45683.963053859	25423374.5969022
"CAVRh.59.2"	99.8977560285449	79.6218396595386	372.711086118621	37233.001150212	13877152.2981514
"CAVRh.59.3"	95.1878501588303	67.163737737962	396.141204166458	37707.8295839354	14937625.0178837
"CPFBS.29.1"	76.6712909781632	55.9862627875639	778.021983330932	59651.9498713735	46410528.3484834
"CPFBS.29.2"	75.6881076744453	55.6538696841977	622.036768871547	47080.7859398137	29285979.9619347
"CPFBS.29.3"	75.7180794713687	55.4652845766495	450.846563167328	34137.2358992972	15390655.4812305
"CPFBS.51.1"	74.929308022194	56.1416056193298	777.569737117378	58262.7623412044	45303360.7973826
"CPFBS.51.2"	76.8154408106641	56.6787351891327	467.056155712034	35877.1244843541	16756631.8396645
"CPFBS.51.3"	78.4737226740864	57.3697047777932	545.450275895364	42803.5136831167	23347188.347747
"CPFRh.29.1"	82.0084996602866	58.5006128738861	863.953101738038	70851.4976503874	61212371.1578375
"CPFRh.29.2"	82.4158697938891	58.7887096779919	484.486857365709	39929.4057535028	19345272.3099948
"CPFRh.29.3"	85.7251604453048	60.4970811736484	568.32747168587	48719.9636957456	27688893.7878305
"CPFRh.51.1"	82.7920997819356	59.4040921434475	561.976210280354	46527.1904766051	26147174.1790347
"CPFRh.51.2"	84.0383014217896	59.928808136326	403.664697555041	33923.2955264661	13693636.8287612
"CPFRh.51.3"	82.0253488491589	57.797844520081	536.767978897591	44028.5807201328	23633132.2868751
"CPGBS.29.1"	78.7949560201762	56.8495440903586	598.906816889742	47190.8362970109	28262913.5530077
"CPGBS.29.2"	81.6456571698976	59.3407502350472	453.000074175128	36985.4887540407	16754429.1489838
"CPGBS.29.3"	84.8634505423107	60.8210499399689	580.311914638603	49247.2714670467	28578778.3957689
"CPGBS.51.1"	76.989435923422	55.7471056656945	512.57091083449	39462.545295902	20227352.7861678
"CPGBS.51.2"	73.2763598829073	53.0071554092139	592.990083263266	43452.1547481942	25766696.8621
"CPGBS.51.3"	76.7173160526288	55.4748892507945	490.565028151962	37634.8323091008	18462332.5712084
"CPGRh.29.1"	84.3958765195439	57.9739096425295	638.051463652063	53848.9125394937	34358377.4618959
"CPGRh.29.2"	87.1574704332554	59.9753074629987	628.454416719704	54774.4972438964	34423274.716528
"CPGRh.29.3"	85.8557914008045	59.1578534670721	741.006944406065	63619.7376454747	47142667.3965887
"CPGRh.51.1"	76.3297458825216	52.5841305195695	711.069771273064	54275.7749460158	38593862.8765317
"CPGRh.51.2"	77.9181396531809	53.6495328965366	515.991992985311	40205.1361693526	20745528.34027
"CPGRh.51.3"	79.832685049025	54.9322909656279	568.079521627845	45351.3135329165	25763152.4969736
"CPVBS.29.1"	54.4847468553276	43.2509107966541	140.063172497304	7631.30649726968	1068864.99830688
"CPVBS.29.2"	54.0591113409381	43.0499079026476	263.955869440817	14269.2197351952	3766444.30144551
"CPVBS.29.3"	52.910144640096	42.1527415539169	167.196427766216	8846.38717641784	1479084.33453392
"CPVBS.51.1"	64.4184026666401	49.9602682063196	228.741277286229	14735.1477067059	3370536.50743314
"CPVBS.51.2"	68.4298958120709	52.5607104079946	145.920126594038	9985.29905971423	1457056.10287283
"CPVBS.51.3"	56.7031648076856	44.8647271291184	166.360567417228	9433.17067175917	1569307.62549741
"CPVRh.29.1"	68.9679593885346	52.9463400825706	343.331910418777	23678.9012545502	8129722.40434231
"CPVRh.29.2"	59.3025183680542	46.3872897914571	315.31093781854	18698.7326816324	5895914.9378637
"CPVRh.29.3"	63.374467599031	49.3558085571979	394.41799684622	24996.0305616055	9858884.30321533
"CPVRh.51.1"	67.6634196410773	52.1385090962561	242.475767010744	16406.73957604	3978236.76284583
"CPVRh.51.2"	69.6414110709661	53.3476997981557	287.086260494787	19993.0922799439	5739742.09837631
"CPVRh.51.3"	64.6789971864571	50.2634269949861	317.080215307489	20508.4303537543	6502817.51218705
